[ 6299.707807] [project1] 8524 1588098869.022126286 1588098870.075654030
[ 6301.695928] [project1] 8525 1588098871.054287027 1588098872.063767376
[ 6303.588575] [project1] 8526 1588098873.006683858 1588098873.956421050
[ 6305.664602] [project1] 8527 1588098875.028387302 1588098876.032447975
[ 6307.633542] [project1] 8528 1588098877.021961175 1588098878.001386947
[ 6309.578982] [project1] 8529 1588098878.949488556 1588098879.946827828
[ 6311.531353] [project1] 8532 1588098880.905106149 1588098881.899200557
[ 6313.488160] [project1] 8533 1588098882.915990328 1588098883.856005742
[ 6315.510488] [project1] 8534 1588098884.889960697 1588098885.878335617
[ 6317.430470] [project1] 8535 1588098886.845977767 1588098887.798289427
